B=zeros(4,1);

B(1)=14;
B(2)=28;
B(3)=17.5;
B(4)=10.5;

A=[0.7 0.15 0.03 0.02;
   0.1 0.65 0.06 0.04;
   0.14 0.15 0.77 0.09;
   0.06 0.05 0.14 0.85];

X=A\B;